40 0.3 7
0.00 0.00 0.00 0.00 0.00 0.00 0.00
0.00 0.00 0.10 0.10 0.00 0.00 0.11
0.00 0.00 0.20 0.20 0.00 0.00 0.22
0.00 0.00 0.30 0.30 0.00 0.00 0.33
0.00 0.00 0.40 0.40 0.00 0.00 0.44
0.00 0.00 0.50 0.50 0.00 0.00 0.55
0.00 0.00 0.60 0.60 0.00 0.00 0.66
0.00 0.00 0.70 0.70 0.00 0.00 0.77
0.00 0.00 0.80 0.80 0.00 0.00 0.88
0.00 0.00 0.90 0.90 0.00 0.00 0.99
0.00 0.00 0.00 0.00 0.00 0.00 0.00
0.00 0.00 0.10 -0.10 0.00 0.00 -0.11
0.00 0.00 0.20 -0.20 0.00 0.00 -0.22
0.00 0.00 0.30 -0.30 0.00 0.00 -0.33
0.00 0.00 0.40 -0.40 0.00 0.00 -0.44
0.00 0.00 0.50 -0.50 0.00 0.00 -0.55
0.00 0.00 0.60 -0.60 0.00 0.00 -0.66
0.00 0.00 0.70 -0.70 0.00 0.00 -0.77
0.00 0.00 0.80 -0.80 0.00 0.00 -0.88
0.00 0.00 0.00 -0.90 0.00 0.00 -0.99
0.00 0.00 0.00 0.00 0.00 0.00 0.00
0.10 0.10 0.00 0.00 0.00 0.00 0.11
0.20 0.20 0.00 0.00 0.00 0.00 0.22
0.30 0.30 0.00 0.00 0.00 0.00 0.33
0.40 0.40 0.00 0.00 0.00 0.00 0.44
0.50 0.50 0.00 0.00 0.00 0.00 0.55
0.60 0.60 0.00 0.00 0.00 0.00 0.66
0.70 0.70 0.00 0.00 0.00 0.00 0.77
0.80 0.80 0.00 0.00 0.00 0.00 0.88
0.90 0.90 0.00 0.00 0.00 0.00 0.99
0.00 0.00 0.00 0.00 0.00 0.00 0.00
0.10 -0.10 0.00 0.00 0.00 0.00 -0.11
0.20 -0.20 0.00 0.00 0.00 0.00 -0.22
0.30 -0.30 0.00 0.00 0.00 0.00 -0.33
0.40 -0.40 0.00 0.00 0.00 0.00 -0.44
0.50 -0.50 0.00 0.00 0.00 0.00 -0.55
0.60 -0.60 0.00 0.00 0.00 0.00 -0.66
0.70 -0.70 0.00 0.00 0.00 0.00 -0.77
0.80 -0.80 0.00 0.00 0.00 0.00 -0.88
0.90 -0.90 0.00 0.00 0.00 0.00 -0.99